00000000000000000000
00000000000000000000
00000000000000000000
00000000000000000000
00000000000000000000
00000000000000000000
00000000000000000000
00000000000000000000
00000000000000000000
00000000000000000000
00000000000000000000
00000000000000000000
00000000000000000000
00000000000000000000
00000000000000000000
00000000000000000000
00000000000000000000
00000000000000000000
00000000000000000000
00000000000000000000

-

44443444444444444444
40005000000400000004
40400444440400040004
40400000000000000004
40400000000000040004
40400000040000000004
40400000000000000004
40400000040000000004
40400400000000000004
40400000000000000004
40400000044440000004
40400000000000000004
40400044444000000004
44444444444444444444

-
