00000000000000000000
00000000000000000000
00000000000000000000
00000000000000000000
00000000000000000000
00000000000000000000
00000000000000000000
00000000000000000000
00000000000000000000
00000000000000000000
00000000000000000000
00000000000000000000
00000000000000000000
00000000000000000000
00000000000000000000
00000000000000000000
00000000000000000000
00000000000000000000
00000000000000000000
00000000000000000000

-

44443444444444444444
40006000000444444444
40400444440400040404
40400000000000000004
40400000000000040004
40400000044444400004
40400000044444444404
40400400440000004424
40400400000000004404
40400000444444444404
40400000044440000004
44404444444444440044
46000000000000000444
44444444444444444444

-
